time (s)	theta (A)	maj axis/z0	min axis/z0	crossing#mod 255
2491.322974	276.129852	1.120631	0.264126	81
2493.390613	276.474060	1.125451	0.259746	83
2495.469715	276.744843	1.111557	0.264296	85
2497.559805	276.103210	1.112461	0.260482	87
2499.631170	276.768677	1.120722	0.257468	89
2501.704851	277.369629	1.116976	0.256928	91
2503.781723	277.758026	1.109761	0.256368	93
2505.863134	277.511200	1.110564	0.254695	95
2507.945414	277.192871	1.110813	0.252957	97
2510.024291	277.105133	1.110249	0.251634	99
2512.099873	277.855499	1.111257	0.251160	101
2514.176019	278.754425	1.110378	0.250800	103
2516.255388	278.816040	1.105881	0.248448	105
2518.338943	277.405457	1.098725	0.244722	107
2520.423621	275.870392	1.101586	0.243427	109
2522.497916	277.253021	1.105982	0.245891	111
2524.569441	279.454468	1.102892	0.244108	113
2526.654889	277.713837	1.092930	0.238323	115
2528.737915	276.262909	1.102431	0.241447	117
2530.809528	278.586182	1.106166	0.242721	119
2532.884586	279.566742	1.098162	0.238316	121
2534.971785	277.355133	1.094925	0.235277	123
2537.053805	276.593445	1.099369	0.236747	125
2539.125789	278.397430	1.102127	0.236349	127
2541.200572	279.658508	1.098773	0.234387	129
2543.277586	280.056732	1.095074	0.232814	131
2545.358567	279.676971	1.093744	0.231175	133
2547.438699	279.213745	1.093071	0.230155	135
2549.517796	279.218262	1.092307	0.228822	137
2551.594796	279.451660	1.092093	0.227442	139
2553.672191	279.829590	1.089847	0.225743	141
2555.748981	279.943146	1.086001	0.223811	143
2557.830401	279.638062	1.081444	0.223266	145
2559.915292	279.012878	1.076715	0.222125	147
2561.997860	278.538513	1.077062	0.220445	149
2564.073011	278.925690	1.083445	0.218031	151
2566.143430	279.775269	1.081012	0.216641	153
2568.222029	279.934814	1.073040	0.216742	155
2570.308445	279.320709	1.068799	0.215968	157
2572.390781	278.907196	1.070784	0.213498	159
2574.465789	279.275330	1.075367	0.211716	161
2576.537662	280.108490	1.074349	0.210737	163
2578.613835	280.534790	1.071071	0.210422	165
2580.694183	280.401978	1.068055	0.208951	167
2582.775821	280.175995	1.066887	0.207959	169
2584.856388	279.958893	1.065632	0.206333	171
2586.935852	279.752106	1.064962	0.204938	173
2589.014684	279.818817	1.065023	0.204002	175
2591.091719	280.296570	1.065042	0.202929	177
2593.167500	280.922455	1.064545	0.201991	179
2595.243685	281.525360	1.063250	0.201246	181
2597.321772	281.887085	1.060119	0.199912	183
2599.403352	281.171722	1.055114	0.197602	185
2601.487787	279.769012	1.052552	0.195735	187
2603.569918	278.962311	1.053456	0.195157	189
2605.645589	279.730255	1.058062	0.195207	191
2607.718402	281.310547	1.058304	0.194434	193
2609.793148	282.264526	1.054502	0.192982	195
2611.873426	281.947235	1.049554	0.191074	197
2613.957012	280.823456	1.046051	0.188710	199
2616.040072	279.826324	1.046541	0.188830	201
2618.120327	279.518372	1.046512	0.187887	203
2620.198722	279.762573	1.047265	0.187138	205
2622.276339	280.130646	1.046487	0.185773	207
2624.354368	280.375427	1.042950	0.184072	209
2626.433224	280.424591	1.040414	0.182693	211
2628.512450	280.416840	1.037296	0.181338	213
2630.592025	280.451813	1.036003	0.180434	215
2632.670708	280.542419	1.035853	0.179383	217
2634.747435	280.844940	1.036636	0.178182	219
2636.821804	281.370575	1.038159	0.176855	221
2638.895454	281.998169	1.037407	0.175291	223
2640.971592	282.178314	1.033279	0.174405	225
2643.052282	282.124908	1.029247	0.173205	227
2645.136262	281.675659	1.026816	0.172364	229
2647.219463	281.227264	1.025112	0.171326	231
2649.299257	281.077545	1.026271	0.169988	233
2651.375657	281.318787	1.027757	0.168827	235
2653.450447	281.683258	1.027910	0.167612	237
2655.525793	282.275757	1.028016	0.167113	239
2657.602055	282.572754	1.025103	0.165784	241
2659.679612	282.869415	1.024923	0.164949	243
2661.757697	283.019714	1.022784	0.163601	245
2663.835986	283.178131	1.022025	0.162594	247
2665.915345	283.112854	1.018994	0.161520	249
2667.995265	282.999512	1.017224	0.159973	251
2670.076251	282.580658	1.014433	0.158590	253
2672.158082	282.003052	1.012870	0.157467	255
2674.239539	281.390411	1.011061	0.156313	1
2676.319307	281.136871	1.010728	0.155304	3
2678.396153	281.575714	1.012994	0.154120	5
2680.470697	282.398926	1.013924	0.153270	7
2682.544636	283.448364	1.014170	0.152647	9
2684.620504	283.963043	1.011342	0.151387	11
2686.699110	284.083618	1.008265	0.150339	13
2688.779621	283.613953	1.005982	0.149326	15
2690.861491	283.085602	1.004924	0.148356	17
2692.942594	282.572601	1.003233	0.147257	19
2695.022939	282.378662	1.002432	0.146456	21
2697.102253	282.243073	1.001303	0.146018	23
2699.180921	282.307404	1.001446	0.145069	25
2701.259653	282.430634	1.001459	0.144332	27
2703.336908	282.627747	1.001327	0.143230	29
2705.413245	282.985107	1.000946	0.142041	31
2707.489014	283.343048	1.001745	0.141029	33
2709.564470	283.638641	1.001374	0.140090	35
2711.640542	283.893555	0.998984	0.138810	37
2713.718588	283.962311	0.996727	0.137850	39
2715.798948	283.799622	0.992432	0.136249	41
2717.881217	283.598267	0.989685	0.135143	43
2719.963849	283.244080	0.986748	0.133911	45
2722.045118	283.011169	0.985561	0.132799	47
2724.124713	282.881195	0.985456	0.131825	49
2726.202198	282.920135	0.985040	0.131370	51
2728.278867	283.186707	0.984730	0.130340	53
2730.355531	283.365479	0.983815	0.129358	55
2732.432539	283.512268	0.983315	0.128756	57
2734.510228	283.703583	0.982221	0.127650	59
2736.588674	283.755127	0.980425	0.126621	61
2738.667524	283.697998	0.978465	0.125630	63
2740.747247	283.549255	0.976826	0.124815	65
2742.827505	283.308380	0.974276	0.123569	67
2744.907572	283.074677	0.972532	0.122186	69
2746.987069	282.934265	0.971325	0.121454	71
2749.065445	282.977325	0.971434	0.120357	73
2751.142101	283.313232	0.972327	0.119500	75
2753.217361	283.949799	0.972988	0.118330	77
2755.292208	284.476288	0.972194	0.117282	79
2757.367560	285.080811	0.970859	0.116288	81
