crossing time (s)	slope (V/s)	crossing number
2146.054344	-4.360087	1301
2147.091136	-5.654640	1302
2148.126392	-5.176353	1303
2149.172184	-3.881198	1304
2150.211818	-4.428712	1305
2151.258388	-5.532808	1306
2152.283366	-5.547743	1307
2153.336989	-4.510827	1308
2154.369566	-6.385177	1309
2155.402858	-4.905165	1310
2156.451307	-4.591974	1311
2157.486666	-4.696775	1312
2158.527072	-5.111807	1313
2159.567943	-4.096552	1314
2160.606243	-4.484365	1315
2161.653875	-5.417023	1316
2162.679326	-5.467653	1317
2163.732543	-4.359241	1318
2164.767677	-6.264798	1319
2165.797719	-4.819424	1320
2166.849121	-4.507999	1321
2167.882874	-4.684676	1322
2168.925242	-4.904954	1323
2169.964996	-4.430456	1324
2171.004614	-5.076788	1325
2172.046002	-5.290480	1326
2173.075323	-5.104419	1327
2174.128170	-4.278531	1328
2175.157603	-4.770200	1329
2176.209713	-4.624372	1330
2177.236159	-5.681794	1331
2178.282391	-4.171356	1332
2179.316374	-4.567661	1333
2180.367576	-4.731338	1334
2181.393935	-5.446854	1335
2182.444689	-4.273446	1336
2183.472611	-4.893740	1337
2184.528635	-4.425010	1338
2185.553352	-5.526782	1339
2186.600926	-4.354126	1340
2187.631716	-4.280830	1341
2188.684658	-4.834234	1342
2189.715189	-5.077244	1343
2190.754287	-4.618301	1344
2191.802033	-4.421523	1345
2192.832107	-5.156879	1346
2193.878833	-4.492015	1347
2194.911257	-3.920085	1348
2195.960786	-5.483575	1349
2196.991160	-4.386429	1350
2198.032370	-4.765392	1351
2199.080490	-4.355418	1352
2200.106281	-5.316492	1353
2201.159674	-4.037298	1354
2202.189398	-4.336589	1355
2203.236624	-5.056979	1356
2204.268802	-4.368117	1357
2205.311929	-4.517354	1358
2206.354778	-4.772515	1359
2207.384834	-4.493568	1360
2208.436165	-4.476767	1361
2209.467220	-4.092902	1362
2210.514282	-5.310906	1363
2211.544069	-4.027631	1364
2212.592398	-4.832945	1365
2213.628690	-3.870702	1366
2214.670027	-5.248930	1367
2215.706492	-3.996320	1368
2216.747905	-4.757192	1369
2217.790198	-3.981817	1370
2218.826223	-5.197265	1371
2219.867558	-3.800013	1372
2220.907139	-4.969879	1373
2221.947209	-3.663328	1374
2222.988723	-5.095854	1375
2224.022460	-4.156814	1376
2225.067536	-4.627385	1377
2226.101665	-3.793939	1378
2227.150464	-4.835332	1379
2228.178795	-4.339744	1380
2229.228010	-4.349926	1381
2230.260549	-4.394873	1382
2231.303638	-4.199874	1383
2232.344210	-4.350393	1384
2233.379885	-4.313493	1385
2234.427091	-4.393624	1386
2235.454869	-4.506030	1387
2236.507198	-4.041390	1388
2237.534406	-4.530198	1389
2238.586243	-3.968655	1390
2239.617663	-4.763206	1391
2240.660468	-3.654286	1392
2241.701346	-4.844258	1393
2242.735559	-3.923835	1394
2243.783056	-4.388352	1395
2244.815112	-3.832686	1396
2245.863360	-4.579420	1397
2246.892004	-4.207185	1398
2247.941841	-4.122369	1399
2248.974234	-4.217035	1400
2250.018138	-4.075230	1401
2251.055886	-4.290254	1402
2252.096072	-4.217735	1403
2253.134631	-4.136974	1404
2254.175545	-4.026473	1405
2255.214776	-4.265890	1406
2256.254748	-3.967668	1407
2257.293676	-4.348077	1408
2258.333360	-3.908121	1409
2259.373149	-4.234804	1410
2260.413410	-4.148746	1411
2261.449312	-4.061013	1412
2262.495946	-4.173657	1413
2263.527102	-4.131390	1414
2264.575191	-4.204096	1415
2265.604962	-3.848330	1416
2266.656115	-4.301978	1417
2267.685695	-3.817712	1418
2268.732198	-4.478944	1419
2269.767465	-3.534386	1420
2270.808830	-4.581825	1421
2271.851697	-3.633783	1422
2272.882612	-4.481482	1423
2273.935939	-3.665429	1424
2274.960285	-4.428124	1425
2276.014120	-3.803812	1426
2277.039684	-3.992685	1427
2278.093336	-4.104408	1428
2279.121641	-3.990914	1429
2280.168279	-4.054854	1430
2281.205519	-3.835483	1431
2282.244085	-4.122047	1432
2283.287367	-3.903888	1433
2284.321495	-3.989668	1434
2285.368296	-4.017201	1435
2286.399451	-3.918262	1436
2287.447745	-4.035810	1437
2288.478446	-3.705726	1438
2289.527374	-4.226159	1439
2290.556764	-3.801849	1440
2291.606277	-4.069774	1441
2292.636849	-3.668558	1442
2293.686139	-4.185242	1443
2294.715489	-3.796865	1444
2295.764494	-4.068509	1445
2296.795341	-3.668197	1446
2297.844017	-4.099302	1447
2298.874335	-3.866699	1448
2299.922742	-3.884648	1449
2300.955117	-3.923162	1450
2302.000078	-3.848850	1451
2303.036965	-3.978972	1452
2304.076429	-3.808321	1453
2305.119616	-3.963637	1454
2306.152070	-3.852166	1455
2307.201661	-3.838004	1456
2308.229279	-3.859050	1457
2309.283552	-3.878775	1458
2310.306866	-4.025609	1459
2311.362551	-3.480886	1460
2312.388606	-4.168313	1461
2313.439393	-3.494480	1462
2314.470265	-4.190772	1463
2315.516478	-3.444123	1464
2316.552251	-4.259019	1465
2317.591995	-3.343820	1466
2318.635006	-4.230301	1467
2319.669507	-3.464080	1468
2320.715398	-4.168128	1469
2321.746761	-3.514399	1470
2322.795877	-3.992239	1471
2323.826526	-3.606798	1472
2324.875099	-4.035179	1473
2325.904734	-3.619577	1474
2326.954566	-3.852558	1475
2327.984790	-3.670269	1476
2329.033421	-3.965932	1477
2330.063438	-3.704315	1478
2331.112649	-3.864018	1479
2332.143258	-3.590514	1480
2333.192125	-4.015245	1481
2334.221484	-3.575659	1482
2335.271403	-3.976212	1483
2336.302114	-3.464010	1484
2337.350011	-4.127067	1485
2338.381961	-3.448878	1486
2339.427535	-4.115836	1487
2340.464565	-3.319970	1488
2341.503934	-4.199244	1489
2342.546490	-3.313553	1490
2343.580035	-4.187956	1491
2344.629467	-3.352198	1492
2345.656267	-4.116561	1493
2346.711070	-3.403149	1494
2347.734960	-3.955922	1495
2348.790375	-3.609385	1496
2349.813075	-3.825435	1497
2350.869336	-3.661328	1498
2351.895072	-3.684751	1499
2352.945587	-3.838162	1500
2353.976080	-3.588688	1501
2355.022312	-3.895106	1502
2356.058685	-3.571816	1503
2357.099272	-3.834252	1504
2358.139846	-3.601790	1505
2359.176381	-3.744742	1506
2360.220796	-3.678222	1507
2361.254339	-3.719481	1508
2362.300937	-3.648617	1509
2363.333464	-3.709019	1510
2364.379948	-3.722567	1511
2365.412149	-3.662632	1512
2366.458825	-3.687734	1513
2367.491749	-3.659435	1514
2368.538272	-3.706745	1515
2369.571106	-3.703684	1516
2370.617103	-3.641130	1517
2371.651651	-3.776358	1518
2372.694093	-3.629244	1519
2373.733164	-3.757313	1520
2374.770893	-3.575526	1521
2375.814062	-3.813695	1522
2376.848182	-3.595844	1523
2377.896299	-3.788342	1524
2378.924718	-3.649815	1525
2379.977255	-3.675792	1526
2381.001766	-3.730855	1527
2382.058636	-3.557098	1528
2383.081193	-3.866207	1529
2384.137184	-3.452158	1530
2385.160980	-3.927898	1531
2386.215499	-3.384845	1532
2387.242146	-4.078717	1533
2388.292731	-3.282457	1534
2389.324147	-4.080358	1535
2390.369335	-3.289134	1536
2391.406091	-4.029235	1537
2392.446828	-3.266644	1538
2393.486877	-3.999136	1539
2394.524051	-3.306118	1540
2395.567208	-4.027870	1541
2396.602414	-3.312752	1542
2397.647492	-4.002451	1543
2398.680672	-3.374503	1544
2399.726727	-3.928711	1545
2400.759816	-3.368104	1546
2401.806292	-3.999621	1547
2402.839421	-3.346189	1548
2403.885287	-3.974128	1549
2404.918423	-3.292595	1550
2405.963994	-4.007453	1551
2406.999134	-3.356703	1552
2408.042307	-3.993217	1553
2409.079746	-3.312124	1554
2410.119856	-3.982915	1555
2411.160818	-3.282766	1556
2412.196637	-4.087277	1557
2413.242697	-3.269040	1558
2414.273401	-4.060686	1559
2415.324312	-3.302752	1560
2416.350450	-3.983757	1561
2417.405815	-3.359721	1562
2418.428124	-3.885628	1563
2419.485317	-3.469835	1564
2420.506651	-3.789491	1565
2421.564721	-3.611784	1566
2422.587023	-3.675496	1567
2423.642254	-3.647250	1568
2424.667391	-3.580109	1569
2425.719664	-3.748523	1570
2426.749517	-3.593889	1571
2427.796006	-3.732175	1572
2428.831032	-3.527769	1573
2429.873365	-3.779784	1574
2430.911873	-3.528658	1575
2431.951335	-3.751587	1576
2432.991772	-3.566809	1577
