time (s)	theta (A)	maj axis/z0	min axis/z0	crossing#mod 255
3160.152515	169.837860	0.809215	-0.427808	141
3162.225014	169.465271	0.793349	-0.418697	143
3164.319542	172.098862	0.795587	-0.418165	145
3166.400472	172.585312	0.799631	-0.420057	147
3168.471496	171.331894	0.799701	-0.419378	149
3170.547223	170.543091	0.796203	-0.417301	151
3172.626447	170.633270	0.793735	-0.415927	153
3174.708414	171.451645	0.791206	-0.414099	155
3176.792259	171.790894	0.792825	-0.413384	157
3178.861022	170.424774	0.798516	-0.412001	159
3180.923895	168.843338	0.792107	-0.412088	161
3183.014178	169.975372	0.781796	-0.412680	163
3185.104317	170.496796	0.794791	-0.408172	165
3187.157788	169.076675	0.793852	-0.409618	167
3189.252144	169.696609	0.780664	-0.411966	169
3191.332749	169.871750	0.799012	-0.405882	171
3193.391602	168.881500	0.787528	-0.409720	173
3195.491785	169.991226	0.781421	-0.407990	175
3197.564484	169.666336	0.796531	-0.404100	177
3199.625232	168.067566	0.786859	-0.407439	179
3201.718292	169.262238	0.780271	-0.405462	181
3203.807731	170.567703	0.786090	-0.402974	183
3205.877589	169.724106	0.790218	-0.402972	185
3207.947380	168.127869	0.787672	-0.402968	187
3210.019884	167.155228	0.783796	-0.402461	189
3212.096891	166.751907	0.781875	-0.401057	191
3214.176024	166.760635	0.779964	-0.399583	193
3216.257436	167.238266	0.778444	-0.397627	195
3218.342128	168.596222	0.776940	-0.395695	197
3220.428887	170.227676	0.777135	-0.393839	199
3222.506056	169.859390	0.781881	-0.395689	201
3224.572146	167.183685	0.783442	-0.396930	203
3226.645233	166.200104	0.774342	-0.392855	205
3228.736188	168.906586	0.771237	-0.389248	207
3230.819155	169.527237	0.779910	-0.392598	209
3232.882627	166.531326	0.779245	-0.392988	211
3234.958686	166.084381	0.769319	-0.387794	213
3237.050416	168.799545	0.769137	-0.385958	215
3239.131750	169.271866	0.775788	-0.388442	217
3241.199257	166.999893	0.776251	-0.388653	219
3243.268962	165.262115	0.771495	-0.387012	221
3245.347149	165.284439	0.768002	-0.385125	223
3247.430617	166.119232	0.766916	-0.383860	225
3249.512428	166.854233	0.766023	-0.382598	227
3251.592358	167.125458	0.766654	-0.381682	229
3253.669024	166.838181	0.767549	-0.381887	231
3255.744140	166.178192	0.768220	-0.381310	233
3257.816760	165.248337	0.766782	-0.381047	235
3259.891216	164.796951	0.763497	-0.380394	237
3261.973486	165.480377	0.760497	-0.378862	239
3264.063689	167.054871	0.758176	-0.376685	241
3266.149342	167.874329	0.762065	-0.375930	243
3268.220281	166.855515	0.768388	-0.375936	245
3270.284212	165.024124	0.765299	-0.376643	247
3272.361031	164.940918	0.756956	-0.375557	249
3274.452591	166.409515	0.754764	-0.373093	251
3276.539567	167.570999	0.758133	-0.371671	253
3278.613387	167.037155	0.762552	-0.371467	255
3280.681015	165.454605	0.761897	-0.372235	1
3282.751878	164.208359	0.758455	-0.372252	3
3284.828353	163.796967	0.755462	-0.371344	5
3286.907534	163.918900	0.754454	-0.370000	7
3288.987184	163.996628	0.754121	-0.368980	9
3291.065990	163.932846	0.753648	-0.367869	11
3293.143034	163.667755	0.752896	-0.367185	13
3295.219567	163.257248	0.752348	-0.366905	15
3297.297577	163.143723	0.750842	-0.366094	17
3299.379238	163.780060	0.748819	-0.364640	19
3301.465208	165.303558	0.747875	-0.362781	21
3303.550653	166.821213	0.749073	-0.361902	23
3305.630386	166.916504	0.752607	-0.362333	25
3307.700662	165.236649	0.754159	-0.362990	27
3309.769087	163.246201	0.750527	-0.362301	29
3311.844630	162.618179	0.746059	-0.360501	31
3313.928495	163.736893	0.743236	-0.358682	33
3316.015530	165.542801	0.743288	-0.357277	35
3318.098832	166.520874	0.745059	-0.356935	37
3320.177506	166.511383	0.746065	-0.356460	39
3322.252989	165.850815	0.745812	-0.355655	41
3324.327780	165.110718	0.744322	-0.354597	43
3326.403498	164.665863	0.742030	-0.353416	45
3328.481541	164.569824	0.740523	-0.352333	47
3330.561064	164.700058	0.738989	-0.351487	49
3332.642133	165.058228	0.737702	-0.350433	51
3334.723045	165.526871	0.736528	-0.349111	53
3336.802585	165.621933	0.737760	-0.349412	55
3338.877619	165.065643	0.739626	-0.349252	57
3340.948110	163.832016	0.740445	-0.349581	59
3343.017305	162.459213	0.737975	-0.349489	61
3345.090877	161.821732	0.733530	-0.348423	63
3347.172394	162.301971	0.730657	-0.347024	65
3349.259407	163.457245	0.729168	-0.345107	67
3351.345922	164.615173	0.730467	-0.344069	69
3353.426883	165.065201	0.731804	-0.343405	71
3355.502678	164.801163	0.732823	-0.343432	73
3357.576296	164.091309	0.732948	-0.343321	75
3359.649967	163.273926	0.732367	-0.343662	77
3361.725094	162.672241	0.731401	-0.343613	79
3363.801729	162.368958	0.729816	-0.342607	81
3365.880094	162.317322	0.728377	-0.341554	83
3367.959564	162.534821	0.726681	-0.340559	85
3370.040687	163.114563	0.724685	-0.338718	87
3372.122769	163.860931	0.723351	-0.337061	89
3374.204601	164.554779	0.723681	-0.336254	91
3376.283984	164.682205	0.724421	-0.335541	93
3378.359015	164.079437	0.724698	-0.334843	95
3380.430657	162.709885	0.724394	-0.334533	97
3382.501149	161.165848	0.722956	-0.334449	99
3384.574498	160.130249	0.720221	-0.334338	101
3386.652700	160.092667	0.717460	-0.333560	103
3388.734965	160.932877	0.715717	-0.332269	105
3390.818741	162.047699	0.716178	-0.331164	107
3392.902089	163.024673	0.716943	-0.330721	109
3394.983636	163.627579	0.717619	-0.330214	111
3397.063563	163.897293	0.717860	-0.329605	113
3399.141934	163.952316	0.717176	-0.328673	115
3401.220359	163.859360	0.716327	-0.327726	117
3403.298225	163.731613	0.715787	-0.327066	119
3405.375402	163.513794	0.714739	-0.326379	121
3407.451724	163.134048	0.714025	-0.325719	123
3409.526646	162.435593	0.714047	-0.325549	125
3411.599446	161.560211	0.713516	-0.325382	127
