time (s)	theta (A)	maj axis/z0	min axis/z0	crossing#mod 255
2829.415036	144.656952	0.781412	-0.259653	109
2831.493868	145.313538	0.777818	-0.259945	111
2833.571301	145.698715	0.777490	-0.259556	113
2835.658032	145.963470	0.778507	-0.260107	115
2837.731971	145.244370	0.782656	-0.259610	117
2839.798565	144.383652	0.780891	-0.259565	119
2841.872030	144.281540	0.771713	-0.260409	121
2843.963498	145.378571	0.770203	-0.259691	123
2846.047529	145.421738	0.777618	-0.257927	125
2848.109741	144.197250	0.779486	-0.257930	127
2850.186831	144.018433	0.768514	-0.259147	129
2852.275510	144.893555	0.765291	-0.257820	131
2854.359867	145.408813	0.772979	-0.256145	133
2856.427964	144.741516	0.775046	-0.256984	135
2858.495439	143.399048	0.769820	-0.257990	137
2860.576638	143.362610	0.765566	-0.257150	139
2862.657438	144.011475	0.764323	-0.255752	141
2864.741201	144.606613	0.765008	-0.254693	143
2866.823735	145.122269	0.765774	-0.254283	145
2868.901457	145.169739	0.765628	-0.254073	147
2870.977499	144.836029	0.765470	-0.253907	149
2873.051682	144.126205	0.765400	-0.253723	151
2875.127545	143.270462	0.765040	-0.254301	153
2877.197856	142.255966	0.762071	-0.254996	155
2879.279647	142.414612	0.758007	-0.253644	157
2881.364371	144.007355	0.754280	-0.252338	159
2883.449225	145.633575	0.758096	-0.252071	161
2885.528491	145.429626	0.761837	-0.252879	163
2887.593839	143.061508	0.759486	-0.252654	165
2889.667863	141.686203	0.753732	-0.251373	167
2891.748724	142.621948	0.748769	-0.250250	169
2893.835385	144.495239	0.750157	-0.249963	171
2895.919886	145.340897	0.751932	-0.249841	173
2897.994344	144.813416	0.753047	-0.249395	175
2900.067965	143.816254	0.752340	-0.248592	177
2902.141355	142.929398	0.749451	-0.248045	179
2904.217675	142.463516	0.747525	-0.247751	181
2906.292979	142.269897	0.745385	-0.247475	183
2908.372804	142.286224	0.744508	-0.247193	185
2910.452218	142.749283	0.742793	-0.246487	187
2912.535259	143.253952	0.740635	-0.245747	189
2914.618018	143.811646	0.741109	-0.245916	191
2916.698958	144.178604	0.741288	-0.245668	193
2918.776279	143.873428	0.742877	-0.245689	195
2920.845260	142.815521	0.743649	-0.246051	197
2922.915743	141.901413	0.740734	-0.246397	199
2924.990787	141.712524	0.735211	-0.246198	201
2927.076222	142.435104	0.733445	-0.244707	203
2929.163760	143.375412	0.733869	-0.244086	205
2931.245242	143.866287	0.735648	-0.243669	207
2933.321633	143.601883	0.738152	-0.244367	209
2935.393671	142.913681	0.737350	-0.244561	211
2937.466226	142.047150	0.734971	-0.244818	213
2939.540734	141.450989	0.732998	-0.244738	215
2941.617287	141.129028	0.731589	-0.244553	217
2943.694605	140.910248	0.730295	-0.244673	219
2945.772998	140.890732	0.729429	-0.244241	221
2947.852684	141.059448	0.727518	-0.243427	223
2949.933827	141.592957	0.726742	-0.243037	225
2952.017249	142.508194	0.726185	-0.242115	227
2954.099526	143.457092	0.726426	-0.241729	229
2956.181102	143.961044	0.727312	-0.241175	231
2958.256743	143.579514	0.728622	-0.241030	233
2960.328506	142.263306	0.729384	-0.241266	235
2962.399118	140.753433	0.726012	-0.241224	237
2964.472857	139.896133	0.722287	-0.240969	239
2966.552772	140.112610	0.719335	-0.240427	241
2968.635993	141.208694	0.717597	-0.240225	243
2970.719696	142.353729	0.719884	-0.240130	245
2972.801880	142.997681	0.719696	-0.239699	247
2974.881938	143.268814	0.719747	-0.239076	249
2976.960338	143.209335	0.718473	-0.238387	251
2979.038358	143.120682	0.717017	-0.237687	253
2981.116014	143.022354	0.715551	-0.237291	255
2983.194524	142.907730	0.714297	-0.236781	1
2985.272148	142.852188	0.714036	-0.236826	3
2987.349429	142.550446	0.713767	-0.237066	5
2989.424013	142.012299	0.713879	-0.236924	7
2991.496898	141.279556	0.713175	-0.236868	9
2993.568706	140.380402	0.711347	-0.236812	11
2995.641943	139.829086	0.708196	-0.236408	13
2997.719160	139.769928	0.704489	-0.235541	15
2999.801353	140.271484	0.702854	-0.234509	17
3001.885891	141.079391	0.702775	-0.233516	19
3003.970376	141.777634	0.703623	-0.233364	21
3006.051887	142.244492	0.704290	-0.233394	23
3008.129579	142.253693	0.704998	-0.233726	25
3010.205815	142.016129	0.704861	-0.233806	27
3012.280936	141.672012	0.703925	-0.234096	29
3014.357001	141.334778	0.702648	-0.233875	31
3016.433893	141.127579	0.701284	-0.233687	33
3018.511809	141.159561	0.700225	-0.233449	35
3020.591225	141.338806	0.698860	-0.232903	37
3022.671133	141.644272	0.697822	-0.232403	39
3024.751445	142.006927	0.697171	-0.231995	41
3026.830942	142.292755	0.697092	-0.231420	43
3028.908378	142.134232	0.697574	-0.231145	45
3030.983207	141.544968	0.697223	-0.230557	47
3033.055535	140.438217	0.696042	-0.230203	49
3035.127632	139.357147	0.694439	-0.230580	51
3037.201101	138.455902	0.690775	-0.230435	53
3039.277921	138.194595	0.688089	-0.230198	55
3041.357451	138.409271	0.686009	-0.230203	57
3043.439325	139.103622	0.685154	-0.229231	59
3045.520300	139.746704	0.685281	-0.229760	61
3047.601880	140.269974	0.686011	-0.229760	63
3049.682324	140.664703	0.686385	-0.229612	65
3051.761780	140.760986	0.686414	-0.229336	67
3053.840136	140.796906	0.685509	-0.229069	69
3055.917910	140.671860	0.684665	-0.228937	71
3057.994689	140.415802	0.684263	-0.228674	73
3060.070231	139.981873	0.683544	-0.228607	75
3062.145561	139.527771	0.681970	-0.228029	77
3064.219478	138.973175	0.680293	-0.227867	79
3066.293252	138.441711	0.678545	-0.227765	81
3068.368753	138.078857	0.676105	-0.227232	83
3070.446882	138.128647	0.674073	-0.226424	85
3072.527734	138.512421	0.672639	-0.225543	87
3074.610910	139.113342	0.671956	-0.224806	89
3076.694118	139.732544	0.672073	-0.224254	91
3078.776726	140.307144	0.672337	-0.224180	93
3080.857616	140.671021	0.672350	-0.224253	95
3082.936363	140.805237	0.671984	-0.224094	97
3085.014019	140.795319	0.671685	-0.224039	99
3087.091223	140.670609	0.670811	-0.224379	101
